-332	341	15692	-3288	14	-43	-61	4660	
-308	303	15707	-3278	9	-40	-66	4660	
-302	337	15672	-3278	10	-37	-70	4660	
-335	341	15710	-3268	11	-39	-69	4660	
-310	338	15680	-3263	13	-36	-68	4660	
-346	304	15715	-3272	12	-31	-65	4660	
-340	357	15703	-3254	10	-37	-70	4660	
-311	349	15706	-3263	12	-41	-70	4660	
-289	312	15700	-3260	12	-41	-67	4660	
-315	341	15680	-3252	12	-41	-73	4660	
-304	360	15709	-3244	2	-42	-64	4660	
-305	326	15669	-3252	19	-36	-70	4660	
-325	314	15710	-3242	14	-34	-66	4660	
-333	349	15721	-3234	12	-40	-70	4660	
-330	365	15734	-3233	9	-43	-69	4660	
-312	339	15699	-3227	8	-38	-72	4660	
-315	331	15705	-3234	11	-38	-71	4660	
-300	362	15694	-3224	11	-43	-72	4660	
-340	338	15728	-3236	11	-35	-72	4660	
-332	346	15679	-3224	9	-45	-71	4660	
-360	376	15698	-3228	11	-39	-66	4660	
-305	350	15657	-3211	13	-42	-61	4660	
-319	337	15715	-3222	7	-41	-70	4660	
-301	362	15716	-3223	14	-42	-61	4660	
-313	346	15708	-3215	12	-32	-67	4660	
-297	344	15702	-3219	15	-31	-68	4660	
-310	341	15676	-3213	11	-41	-69	4660	
-327	359	15713	-3208	4	-48	-65	4660	
-342	347	15714	-3206	12	-41	-71	4660	
-312	352	15681	-3206	10	-35	-65	4660	
-321	333	15709	-3199	7	-35	-71	4660	
-313	357	15684	-3202	8	-33	-63	4660	
-319	347	15684	-3200	12	-34	-69	4660	
-306	311	15669	-3198	8	-26	-65	4660	
-307	335	15688	-3208	16	-37	-67	4660	
-307	343	15698	-3198	15	-44	-67	4660	
-323	355	15710	-3195	8	-33	-73	4660	
-300	326	15709	-3194	13	-40	-69	4660	
-326	346	15706	-3201	17	-35	-65	4660	
-331	362	15690	-3203	8	-42	-68	4660	
-304	329	15701	-3199	16	-43	-68	4660	
-288	337	15752	-3193	10	-38	-68	4660	
-315	358	15704	-3186	8	-37	-68	4660	
-330	369	15696	-3183	11	-36	-68	4660	
-296	343	15697	-3191	16	-39	-64	4660	
-360	327	15722	-3186	17	-32	-75	4660	
-295	318	15685	-3191	15	-43	-70	4660	
-324	364	15695	-3188	0	-40	-70	4660	
-311	351	15684	-3186	17	-34	-65	4660	
-284	320	15716	-3180	30	-8	-70	4660	
-319	306	15607	-3185	-13	-66	74	4660	
-392	336	15743	-3183	18	10	-61	4660	
-286	422	15724	-3183	14	-41	-56	4660	
-348	332	15670	-3179	28	-7	-66	4660	
-314	325	15707	-3176	17	-27	-70	4660	
-324	351	15669	-3185	-25	-95	-62	4660	
-330	389	15717	-3181	-3	-79	-69	4660	
-342	268	15741	-3174	10	-36	-67	4660	
-337	303	15683	-3176	12	-43	-71	4660	
-332	408	15702	-3177	7	-32	-64	4660	
-326	357	15708	-3176	16	-33	-64	4660	
-292	303	15684	-3171	8	-32	-70	4660	
-317	335	15698	-3173	-1	-42	-65	4660	
-323	354	15734	-3174	8	-32	-68	4660	
-322	347	15711	-3173	15	-29	-66	4660	
-306	334	15697	-3180	10	-38	-70	4660	
-343	331	15706	-3178	5	-43	-64	4660	
-299	364	15676	-3169	9	-41	-68	4660	
-301	309	15737	-3172	16	-35	-74	4660	
-333	315	15724	-3168	13	-43	-69	4660	
-306	345	15685	-3169	8	-41	-65	4660	
-334	355	15716	-3166	10	-38	-66	4660	
-306	341	15694	-3172	8	-33	-69	4660	
-304	322	15710	-3160	9	-38	-72	4660	
-313	330	15706	-3174	17	-41	-65	4660	
-299	325	15736	-3168	10	-34	-69	4660	
-296	325	15709	-3158	13	-33	-67	4660	
-289	333	15683	-3162	13	-41	-64	4660	
-324	346	15685	-3166	11	-37	-68	4660	
-329	349	15738	-3178	7	-33	-60	4660	
-324	349	15746	-3164	-6	-31	-71	4660	
-335	364	15730	-3172	18	-34	-67	4660	
-302	339	15712	-3166	8	-37	-72	4660	
-315	336	15744	-3169	9	-42	-66	4660	
-326	311	15715	-3157	7	-38	-66	4660	
-287	330	15715	-3173	0	-42	-67	4660	
-315	343	15708	-3169	29	-34	-71	4660	
-326	364	15690	-3169	15	-37	-61	4660	
-331	302	15681	-3163	-28	2	-68	4660	
-321	347	15733	-3159	34	-80	-65	4660	
-338	365	15719	-3158	25	-31	-65	4660	
-312	348	15696	-3160	8	-41	-67	4660	
-303	313	15692	-3159	20	-38	-68	4660	
-301	358	15663	-3158	-15	-37	-69	4660	
-314	353	15796	-3162	25	-45	-71	4660	
-341	338	15696	-3155	-2	-37	-67	4660	
-303	373	15716	-3152	1	-20	-62	4660	
-324	310	15611	-3157	25	-14	-70	4660	
-360	408	15676	-3164	-22	-32	-68	4660	
-334	329	15734	-3162	66	0	-59	4660	
-379	321	15707	-3158	38	-21	-67	4660	
-333	362	15693	-3158	2	-28	-68	4660	
-376	366	15740	-3160	38	-80	-63	4660	
-290	365	15660	-3161	-73	-142	-66	4660	
-300	341	15691	-3150	3	-50	-68	4660	
-295	375	15728	-3156	11	-42	-64	4660	
-313	330	15666	-3155	11	-38	-71	4660	
-307	341	15733	-3160	6	-36	-69	4660	
-332	344	15668	-3157	4	-39	-66	4660	
-313	346	15705	-3152	8	-38	-65	4660	
-315	349	15722	-3158	9	-39	-67	4660	
-311	314	15706	-3160	15	-38	-66	4660	
-303	355	15708	-3151	10	-35	-63	4660	
-341	363	15697	-3162	42	-46	-70	4660	
-351	359	15485	-3159	-12	-87	-70	4660	
-303	351	15627	-3148	134	-35	-54	4660	
-325	396	15712	-3154	10	-56	-66	4660	
-332	357	15742	-3144	-99	-32	-70	4660	
-281	326	15578	-3147	34	39	-70	4660	
-289	313	15721	-3149	-32	-60	217	4660	
-311	257	15737	-3146	-96	-25	330	4660	
-366	397	15720	-3154	91	-4	452	4660	
-281	242	15673	-3143	-87	-63	691	4660	
-391	378	15756	-3141	78	-24	1097	4660	
-296	235	15657	-3155	23	-37	1818	4660	
-359	424	15702	-3152	38	-44	2287	4660	
-354	356	15728	-3145	6	-50	1281	4660	
-335	309	15665	-3156	8	-49	811	4660	
-270	422	15792	-3160	18	-36	564	4660	
-303	326	15708	-3146	95	-36	296	4660	
-355	378	15706	-3140	29	-25	396	4660	
-329	345	15761	-3150	77	-14	15	4660	
-323	401	15755	-3151	85	-28	-68	4660	
-338	367	15732	-3147	43	-20	-64	4660	
-342	394	15735	-3151	53	-27	-65	4660	
-326	416	15736	-3152	16	-47	-65	4660	
-351	398	15654	-3148	-3	-39	-58	4660	
-330	414	15712	-3150	-72	-92	-63	4660	
-327	311	15644	-3150	-206	-43	-70	4660	
-310	355	15684	-3146	5	-34	-69	4660	
-299	332	15670	-3148	5	-38	-66	4660	
-322	333	15705	-3151	6	-41	-68	4660	
-311	313	15699	-3149	9	-37	-61	4660	
-326	324	15703	-3137	7	-40	-71	4660	
-346	351	15704	-3151	6	-34	-65	4660	
-308	334	15659	-3146	6	-39	-71	4660	
-322	332	15718	-3152	9	-41	-61	4660	
-282	349	15711	-3156	6	-32	-65	4660	
-294	350	15674	-3153	9	-45	-66	4660	
-332	349	15685	-3155	9	-36	-68	4660	
-321	321	15750	-3150	8	-39	-58	4660	
-312	332	15681	-3144	11	-31	-66	4660	
-310	337	15716	-3147	31	-41	-63	4660	
-317	320	15712	-3147	-2	-32	-69	4660	
-292	335	15681	-3138	30	-33	-66	4660	
-306	360	15708	-3146	6	-45	-68	4660	
-303	309	15696	-3147	1	-31	-66	4660	
-309	335	15677	-3150	13	-41	-65	4660	
-309	336	15714	-3141	24	-16	-68	4660	
-324	319	15720	-3144	13	-20	-64	4660	
-288	386	15746	-3155	-2	-31	-76	4660	
-327	319	15697	-3143	21	-33	-67	4660	
-342	325	15717	-3150	15	-36	-71	4660	
-305	346	15712	-3147	5	-16	-63	4660	
-352	359	15728	-3141	-2	-58	-74	4660	
-300	334	15704	-3148	-1	-31	-64	4660	
-310	322	15664	-3145	31	-23	-71	4660	
-339	376	15717	-3149	47	-13	-67	4660	
-457	387	15731	-3154	37	-4	-78	4660	
-1306	450	15627	-3147	21	-58	-180	4660	
-1396	394	15756	-3149	28	-17	-835	4660	
-944	146	15703	-3145	-25	-67	-122	4660	
-1104	572	15750	-3145	0	5	-50	4660	
-1100	465	15625	-3143	-7	-31	-1148	4660	
-1041	44	15599	-3144	-22	-33	-424	4660	
-780	3	15749	-3149	23	-14	-264	4660	
-479	223	15517	-3154	-10	-55	89	4660	
-388	676	15767	-3151	11	-15	-234	4660	
-8	349	15833	-3143	-45	-32	-184	4660	
-246	485	15890	-3139	14	22	-16	4660	
-201	458	15903	-3145	10	-18	-341	4660	
126	147	15954	-3152	16	9	105	4660	
330	357	15725	-3148	-3	8	829	4660	
-64	279	15708	-3147	1	-49	235	4660	
-406	246	15749	-3141	-66	10	350	4660	
445	128	15760	-3148	-27	-26	-202	4660	
82	902	15694	-3148	-72	-6	281	4660	
242	209	15745	-3144	12	-41	-696	4660	
-139	188	15685	-3145	19	-51	-485	4660	
294	246	15691	-3147	10	-46	54	4660	
-249	357	15706	-3144	3	-34	-59	4660	
-462	180	15664	-3144	9	-41	-17	4660	
-402	291	15730	-3148	2	-33	119	4660	
-355	325	15729	-3137	-3	-45	232	4660	
-399	307	15671	-3142	16	-33	6	4660	
-349	234	15693	-3144	16	-48	13	4660	
-413	272	15747	-3143	1	-62	-67	4660	
-395	319	15685	-3153	8	-38	-59	4660	
-360	249	15731	-3144	6	-42	-64	4660	
-413	258	15701	-3145	16	-37	-66	4660	
-382	257	15693	-3144	7	-35	-66	4660	
-386	315	15689	-3148	10	-39	-69	4660	
-382	268	15681	-3149	9	-32	-67	4660	
-387	263	15692	-3137	9	-38	-63	4660	
-381	280	15730	-3147	9	-44	-68	4660	
-390	307	15684	-3142	6	-36	-70	4660	
-381	250	15728	-3139	16	-33	-68	4660	
-393	274	15683	-3156	3	-45	-68	4660	
-388	297	15701	-3140	5	-40	-61	4660	
-393	302	15711	-3150	7	-36	-65	4660	
-386	267	15715	-3142	10	-37	-67	4660	
-403	252	15712	-3155	12	-37	-64	4660	
-374	305	15643	-3141	12	-44	-66	4660	
-390	293	15689	-3148	5	-39	-66	4660	
-374	260	15739	-3142	10	-37	-66	4660	
-406	269	15698	-3141	7	-41	-65	4660	
-409	278	15709	-3153	10	-39	-58	4660	
-385	248	15697	-3131	12	-40	-61	4660	
-371	271	15682	-3146	13	-36	-61	4660	
-383	278	15720	-3143	4	-34	-70	4660	
-382	285	15666	-3141	12	-30	-66	4660	
-395	279	15644	-3136	15	-39	-64	4660	
-387	275	15696	-3138	16	-37	-69	4660	
-393	276	15665	-3149	6	-41	-61	4660	
-371	284	15743	-3142	15	-35	-71	4660	
-390	283	15701	-3140	9	-40	-68	4660	
-398	291	15672	-3148	7	-38	-62	4660	
-398	296	15740	-3151	6	-31	-63	4660	
-394	300	15716	-3152	6	-35	-70	4660	
-407	282	15711	-3147	13	-29	-65	4660	
-381	263	15702	-3150	11	-36	-63	4660	
-367	274	15665	-3156	8	-48	-69	4660	
-395	271	15696	-3158	6	-36	-68	4660	
-363	288	15688	-3149	12	-41	-66	4660	
-357	291	15712	-3146	14	-37	-68	4660	
-379	274	15705	-3144	9	-44	-71	4660	
-395	288	15728	-3142	5	-44	-71	4660	
-375	286	15725	-3147	11	-43	-68	4660	
-395	298	15696	-3144	15	-37	-71	4660	
-366	279	15706	-3140	9	-41	-69	4660	
-381	290	15736	-3148	12	-35	-63	4660	
-398	295	15708	-3144	12	-44	-66	4660	
-373	295	15705	-3144	3	-39	-66	4660	
-373	279	15720	-3150	13	-28	-67	4660	
-390	258	15712	-3144	11	-33	-67	4660	
-385	264	15699	-3142	9	-37	-58	4660	
-412	266	15698	-3151	10	-34	-69	4660	
-371	284	15723	-3151	7	-33	-71	4660	
-372	264	15667	-3143	11	-39	-65	4660	
-380	280	15662	-3147	10	-28	-71	4660	
-388	253	15723	-3146	15	-39	-67	4660	
-392	295	15700	-3151	15	-40	-64	4660	
-409	271	15685	-3141	-1	-40	-71	4660	
-401	243	15706	-3143	10	-45	-70	4660	
-401	277	15690	-3139	11	-40	-65	4660	
-395	298	15705	-3149	10	-39	-67	4660	
-385	282	15712	-3147	9	-33	-72	4660	
-378	283	15720	-3142	17	-41	-73	4660	
-387	302	15650	-3145	13	-41	-61	4660	
-376	263	15711	-3149	14	-39	-65	4660	
-376	275	15700	-3139	13	-39	-66	4660	
-372	255	15724	-3144	13	-32	-69	4660	
-381	266	15700	-3149	9	-36	-64	4660	
-391	286	15696	-3137	15	-42	-74	4660	
-379	295	15719	-3140	0	-38	-71	4660	
-371	258	15717	-3145	8	-43	-72	4660	
-399	277	15669	-3139	6	-34	-63	4660	
-380	288	15633	-3143	13	-33	-69	4660	
-364	278	15689	-3144	9	-33	-64	4660	
-397	270	15666	-3138	9	-43	-65	4660	
-381	267	15711	-3144	13	-38	-63	4660	
-393	284	15766	-3145	5	-42	-68	4660	
-387	269	15744	-3154	7	-44	-73	4660	
-373	253	15714	-3142	6	-33	-67	4660	
-379	274	15677	-3137	6	-35	-68	4660	
-404	268	15718	-3145	11	-42	-64	4660	
-379	270	15711	-3141	10	-37	-69	4660	
-389	274	15725	-3144	11	-36	-70	4660	
-354	281	15641	-3142	9	-31	-68	4660	
-393	270	15696	-3137	12	-35	-67	4660	
-385	280	15682	-3148	8	-39	-67	4660	
-386	255	15706	-3145	11	-36	-68	4660	
-374	276	15688	-3136	10	-41	-70	4660	
-371	269	15720	-3138	10	-35	-62	4660	
-380	286	15679	-3144	8	-42	-65	4660	
-393	283	15703	-3141	11	-37	-65	4660	
-383	267	15725	-3147	7	-37	-69	4660	
-400	263	15679	-3148	12	-34	-69	4660	
-373	276	15692	-3150	5	-32	-70	4660	
-373	284	15699	-3138	11	-35	-66	4660	
-367	271	15686	-3145	9	-38	-60	4660	
-396	292	15736	-3133	9	-29	-74	4660	
-381	295	15698	-3146	12	-42	-65	4660	
-393	266	15710	-3135	3	-42	-64	4660	
-408	292	15699	-3147	11	-44	-68	4660	
-376	278	15701	-3140	5	-32	-66	4660	
-397	287	15717	-3147	6	-36	-67	4660	
-383	256	15704	-3141	11	-33	-68	4660	
-378	271	15725	-3152	8	-43	-65	4660	
-375	300	15689	-3143	4	-37	-67	4660	
-389	310	15679	-3143	10	-35	-58	4660	
-387	276	15686	-3145	12	-43	-66	4660	
-381	282	15689	-3147	11	-37	-70	4660	
-393	292	15753	-3142	13	-48	-65	4660	
-390	284	15671	-3149	4	-42	-64	4660	
-397	284	15695	-3137	11	-37	-68	4660	
-399	270	15725	-3134	4	-36	-71	4660	
-399	287	15691	-3149	11	-36	-67	4660	
-392	269	15676	-3138	10	-39	-69	4660	
-360	255	15704	-3147	7	-37	-63	4660	
-382	266	15703	-3141	8	-41	-65	4660	
-380	283	15701	-3141	12	-40	-72	4660	
-355	274	15687	-3148	10	-41	-62	4660	
-435	291	15728	-3142	15	-35	-61	4660	
-378	272	15711	-3148	8	-31	-62	4660	
-390	287	15754	-3140	7	-40	-67	4660	
-394	261	15662	-3136	7	-34	-67	4660	
-382	264	15731	-3147	10	-41	-64	4660	
-382	267	15681	-3141	11	-40	-61	4660	
-384	276	15672	-3144	14	-32	-68	4660	
-404	269	15754	-3153	8	-46	-63	4660	
-367	274	15712	-3146	14	-41	-66	4660	
-397	278	15715	-3140	5	-34	-65	4660	
-378	270	15676	-3137	14	-31	-60	4660	
-377	266	15681	-3148	7	-34	-67	4660	
-354	254	15662	-3143	6	-38	-64	4660	
-372	303	15666	-3148	16	-45	-67	4660	
-415	258	15704	-3148	5	-49	-74	4660	
-356	246	15692	-3148	18	-34	-62	4660	
-396	309	15725	-3134	15	-27	-68	4660	
-405	265	15676	-3140	20	-41	-62	4660	
-381	281	15697	-3144	8	-25	-70	4660	
-438	300	15669	-3145	0	-33	-67	4660	
-463	350	15677	-3140	44	-21	44	4660	
-523	1161	15736	-3136	52	-46	767	4660	
-239	1485	15453	-3143	49	-51	371	4660	
-358	1092	16310	-3132	-74	-80	-939	4660	
-149	408	15717	-3148	6	-35	-52	4660	
-710	1300	15631	-3144	20	-52	435	4660	
-498	563	15782	-3144	-5	-28	-824	4660	
-313	535	15595	-3142	102	-63	-388	4660	
-370	831	15873	-3140	57	-78	-192	4660	
-432	534	15675	-3143	-4	-51	-118	4660	
-471	548	15472	-3140	-1	-32	91	4660	
-396	513	15684	-3140	50	-68	-1028	4660	
168	-645	15673	-3140	61	-43	-1168	4660	
-456	-76	15736	-3150	54	-51	48	4660	
-615	556	15787	-3145	59	-23	-285	4660	
-463	85	15980	-3148	17	0	-395	4660	
-327	218	15838	-3146	54	-12	-458	4660	
-396	378	15772	-3143	66	4	-252	4660	
-495	422	15669	-3152	3	-40	-992	4660	
-364	-75	15555	-3149	-28	7	-1331	4660	
-249	-195	15661	-3157	57	-75	-649	4660	
-255	-48	15697	-3150	-8	-27	-544	4660	
-367	60	15685	-3147	110	-34	105	4660	
-281	276	15711	-3149	60	-46	-677	4660	
-218	7	15733	-3151	14	-14	49	4660	
-379	366	15722	-3148	2	-21	251	4660	
-389	23	15742	-3150	25	-54	-89	4660	
-484	-338	15695	-3151	88	-36	63	4660	
-330	-13	15697	-3146	75	-60	404	4660	
-391	401	15741	-3146	13	-33	612	4660	
-427	411	15688	-3141	-1	-36	91	4660	
-354	430	15687	-3151	-6	-49	189	4660	
-436	604	15702	-3141	27	-34	384	4660	
-538	618	15723	-3152	43	-40	248	4660	
-336	580	15727	-3154	62	-32	80	4660	
-361	242	15682	-3145	13	-19	56	4660	
-400	603	15732	-3157	8	14	29	4660	
-389	454	15684	-3145	-6	-10	-221	4660	
-337	216	15679	-3147	54	-58	-94	4660	
-392	430	15708	-3152	0	-23	-21	4660	
-388	470	15697	-3151	-61	14	11	4660	
-501	397	15638	-3142	60	-58	53	4660	
-404	462	15685	-3152	152	-147	-64	4660	
-368	572	15792	-3153	43	-46	-65	4660	
-411	542	15673	-3142	14	-36	-69	4660	
-411	501	15696	-3154	13	-29	-65	4660	
-372	488	15716	-3151	13	-43	-66	4660	
-397	508	15714	-3152	12	-36	-64	4660	
-399	517	15647	-3148	10	-36	-66	4660	
-378	510	15694	-3153	6	-33	-69	4660	
-365	488	15681	-3151	4	-45	-69	4660	
-376	516	15699	-3142	10	-39	-66	4660	
-385	526	15707	-3142	9	-42	-66	4660	
-409	491	15689	-3144	10	-32	-69	4660	
-408	499	15672	-3143	13	-39	-66	4660	
-394	489	15694	-3149	4	-43	-64	4660	
-368	508	15713	-3145	15	-35	-68	4660	
-412	521	15688	-3156	19	-33	-66	4660	
-409	509	15697	-3150	14	-39	-67	4660	
-414	496	15696	-3152	12	-34	-69	4660	
-389	523	15719	-3153	11	-35	-71	4660	
-380	488	15712	-3143	6	-38	-65	4660	
-392	507	15727	-3152	12	-39	-67	4660	
-401	509	15682	-3146	7	-34	-63	4660	
-383	514	15695	-3154	9	-37	-71	4660	
-371	486	15732	-3147	6	-43	-65	4660	
-376	488	15734	-3146	10	-41	-65	4660	
-401	482	15696	-3140	1	-46	-68	4660	
-392	501	15725	-3152	13	-43	-65	4660	
-401	479	15642	-3154	11	-37	-68	4660	
-398	523	15694	-3152	9	-38	-66	4660	
-421	498	15723	-3160	12	-40	-71	4660	
-375	495	15717	-3144	11	-38	-72	4660	
-406	519	15726	-3151	9	-45	-68	4660	
-396	501	15687	-3156	6	-38	-65	4660	
-399	514	15708	-3148	11	-35	-68	4660	
-403	507	15685	-3148	9	-33	-70	4660	
-387	502	15749	-3147	10	-38	-67	4660	
-397	484	15675	-3153	12	-39	-69	4660	
-400	496	15664	-3149	7	-37	-73	4660	
-383	493	15693	-3143	16	-43	-66	4660	
-401	502	15716	-3153	3	-42	-66	4660	
-378	492	15738	-3154	0	-38	-69	4660	
-391	489	15746	-3148	13	-41	-71	4660	
-374	514	15716	-3152	14	-34	-61	4660	
-395	515	15717	-3156	10	-39	-69	4660	
-393	520	15716	-3158	11	-35	-65	4660	
-406	511	15750	-3152	6	-44	-64	4660	
-360	499	15694	-3155	8	-37	-71	4660	
-382	496	15725	-3159	10	-37	-63	4660	
-384	509	15691	-3150	10	-34	-70	4660	
-389	485	15695	-3148	12	-44	-71	4660	
-394	487	15718	-3148	11	-33	-66	4660	
-400	505	15711	-3153	15	-37	-71	4660	
-389	521	15715	-3149	16	-39	-64	4660	
-400	499	15683	-3151	6	-44	-74	4660	
-386	495	15677	-3145	6	-30	-68	4660	
-373	503	15709	-3153	12	-41	-62	4660	
-390	502	15712	-3154	9	-36	-66	4660	
-387	482	15726	-3150	8	-38	-71	4660	
-401	506	15690	-3159	10	-31	-62	4660	
-389	478	15667	-3150	14	-34	-70	4660	
-418	490	15708	-3146	13	-42	-74	4660	
-398	486	15715	-3153	6	-35	-69	4660	
-388	494	15708	-3155	8	-36	-66	4660	
-398	491	15701	-3155	6	-33	-68	4660	
-377	514	15652	-3146	11	-39	-66	4660	
-385	510	15729	-3152	14	-37	-66	4660	
-400	502	15672	-3142	16	-38	-60	4660	
-385	509	15737	-3158	10	-38	-71	4660	
-373	505	15673	-3154	9	-35	-71	4660	
-418	479	15709	-3154	13	-42	-60	4660	
-406	510	15704	-3151	11	-35	-66	4660	
-384	500	15734	-3153	9	-34	-72	4660	
-369	497	15702	-3155	15	-33	-72	4660	
-411	484	15744	-3153	8	-39	-64	4660	
-393	492	15706	-3157	11	-35	-60	4660	
-367	501	15707	-3151	11	-36	-72	4660	
-386	516	15714	-3156	12	-36	-70	4660	
-381	507	15743	-3154	16	-38	-68	4660	
-387	510	15682	-3155	18	-40	-70	4660	
-400	511	15676	-3156	16	-41	-72	4660	
-404	502	15731	-3150	13	-35	-61	4660	
-393	517	15710	-3148	6	-38	-73	4660	
-394	491	15683	-3149	11	-44	-72	4660	
-407	524	15674	-3153	12	-44	-71	4660	
-391	481	15692	-3155	13	-38	-71	4660	
-387	475	15710	-3144	9	-40	-73	4660	
-405	487	15710	-3156	7	-42	-68	4660	
-391	495	15716	-3148	8	-39	-65	4660	
-370	493	15680	-3153	15	-42	-66	4660	
-396	517	15722	-3158	14	-27	-62	4660	
-399	507	15645	-3148	3	-41	-69	4660	
-374	486	15736	-3151	6	-35	-66	4660	
-392	498	15746	-3154	13	-39	-72	4660	
-408	495	15672	-3154	16	-40	-66	4660	
-403	473	15696	-3145	15	-33	-68	4660	
-395	499	15735	-3155	10	-36	-63	4660	
-399	494	15709	-3146	13	-35	-67	4660	
-383	502	15673	-3156	10	-39	-63	4660	
-388	507	15681	-3157	11	-30	-63	4660	
-380	500	15722	-3146	12	-36	-63	4660	
-372	478	15681	-3142	12	-42	-64	4660	
-383	505	15674	-3152	17	-35	-65	4660	
-386	469	15675	-3150	15	-37	-66	4660	
-393	490	15698	-3150	7	-33	-68	4660	
-385	507	15675	-3156	19	-40	-70	4660	
-393	489	15689	-3157	5	-32	-61	4660	
-398	498	15748	-3156	9	-37	-73	4660	
-390	471	15693	-3163	10	-32	-73	4660	
-406	500	15707	-3153	10	-39	-65	4660	
-395	505	15712	-3147	9	-31	-66	4660	
-379	471	15694	-3161	8	-40	-72	4660	
-412	500	15702	-3152	8	-40	-69	4660	
-408	530	15702	-3149	16	-41	-64	4660	
-380	504	15719	-3148	6	-41	-65	4660	
-404	502	15680	-3155	9	-40	-74	4660	
-401	498	15704	-3154	11	-43	-65	4660	
-403	495	15744	-3145	5	-36	-70	4660	
-401	494	15705	-3144	12	-35	-71	4660	
-389	494	15654	-3154	12	-34	-69	4660	
-387	485	15687	-3153	11	-40	-68	4660	
-395	496	15744	-3156	5	-41	-68	4660	
-381	486	15719	-3150	13	-41	-70	4660	
-389	509	15700	-3154	10	-41	-74	4660	
-401	486	15716	-3149	9	-34	-68	4660	
-415	498	15693	-3155	9	-39	-65	4660	
-402	479	15703	-3152	9	-36	-69	4660	
-401	481	15707	-3147	2	-42	-68	4660	
-402	495	15713	-3153	12	-36	-63	4660	
-397	495	15709	-3142	13	-37	-70	4660	
-377	498	15728	-3158	9	-39	-66	4660	
-394	491	15727	-3149	17	-39	-67	4660	
-415	526	15672	-3151	4	-39	-67	4660	
-412	506	15720	-3146	13	-33	-64	4660	
-394	516	15707	-3158	9	-33	-71	4660	
-396	500	15694	-3150	9	-35	-66	4660	
-374	472	15678	-3151	11	-37	-68	4660	
-375	502	15687	-3146	8	-41	-59	4660	
-401	501	15688	-3147	9	-35	-66	4660	
-395	490	15705	-3151	6	-38	-69	4660	
-353	486	15708	-3145	7	-35	-74	4660	
-425	507	15692	-3153	13	-31	-64	4660	
-394	484	15697	-3154	16	-38	-70	4660	
-395	473	15701	-3153	10	-35	-61	4660	
-393	521	15689	-3151	6	-38	-64	4660	
-387	488	15667	-3163	5	-39	-65	4660	
-385	490	15714	-3151	6	-38	-62	4660	
-414	488	15711	-3152	9	-35	-68	4660	
-408	483	15694	-3154	6	-37	-62	4660	
-376	506	15728	-3153	1	-36	-60	4660	
-367	481	15674	-3151	20	-46	-70	4660	
-361	531	15725	-3157	-3	-47	-59	4660	
-390	489	15704	-3151	13	-36	-70	4660	
-385	481	15721	-3154	-8	-25	-68	4660	
-405	489	15748	-3160	-73	76	-74	4660	
277	972	15772	-3144	40	-23	-884	4660	
887	-40	15714	-3153	-2	-83	-887	4660	
185	751	15915	-3162	-58	12	860	4660	
65	391	15606	-3152	-85	-26	-227	4660	
-28	912	15555	-3151	-34	-200	295	4660	
178	-145	15509	-3156	-54	-107	-365	4660	
-146	447	15697	-3148	41	-81	663	4660	
-194	399	15750	-3151	76	-46	1237	4660	
-242	1180	15669	-3158	45	-85	172	4660	
-134	-66	16017	-3156	0	27	-2108	4660	
-624	460	15819	-3152	130	-13	-556	4660	
-434	396	15587	-3154	-48	-61	-1136	4660	
-501	-186	15897	-3160	8	-87	-515	4660	
-638	483	15686	-3154	15	-113	1446	4660	
-1011	565	15709	-3153	30	-41	1175	4660	
-1053	411	15617	-3162	13	-78	497	4660	
-645	573	15579	-3165	43	-69	36	4660	
-866	71	15784	-3156	44	-61	1279	4660	
-691	963	15642	-3155	35	-33	734	4660	
-574	604	15797	-3158	14	-35	447	4660	
-797	646	15641	-3159	6	-90	-803	4660	
-1257	-23	15723	-3164	14	-46	-745	4660	
-326	457	15709	-3162	-1	-54	-62	4660	
-243	440	15685	-3154	11	-34	-62	4660	
-112	579	15714	-3146	11	-29	243	4660	
-224	472	15730	-3158	17	-66	-551	4660	
-362	116	15601	-3150	15	-58	-91	4660	
-631	694	15618	-3156	-3	-30	578	4660	
-266	350	15740	-3155	-3	-47	-17	4660	
-284	354	15663	-3157	18	-25	605	4660	
-334	526	15762	-3156	15	-31	357	4660	
-345	490	15604	-3147	11	-39	192	4660	
-320	538	15696	-3158	-16	-51	-5	4660	
-299	489	15699	-3156	19	-76	-54	4660	
-266	445	15697	-3154	14	-36	-66	4660	
-293	432	15715	-3156	16	-38	-65	4660	
-310	483	15744	-3140	7	-34	-64	4660	
-296	474	15721	-3150	8	-31	-68	4660	
-280	461	15703	-3155	7	-35	-68	4660	
-258	463	15719	-3145	9	-37	-64	4660	
-269	448	15725	-3149	1	-40	-69	4660	
-291	482	15658	-3152	5	-34	-69	4660	
-290	472	15675	-3155	5	-30	-59	4660	
-285	457	15719	-3157	6	-40	-64	4660	
-287	463	15659	-3154	6	-42	-64	4660	
-285	468	15708	-3157	13	-37	-69	4660	
-292	468	15680	-3162	7	-36	-69	4660	
-280	441	15713	-3151	10	-40	-67	4660	
-299	470	15662	-3153	8	-37	-68	4660	
-292	452	15708	-3153	9	-34	-65	4660	
-289	467	15732	-3154	6	-36	-66	4660	
-263	462	15650	-3156	7	-35	-69	4660	
-298	468	15685	-3156	15	-42	-59	4660	
-297	453	15647	-3156	7	-39	-64	4660	
-301	489	15715	-3150	8	-42	-70	4660	
-294	467	15688	-3151	9	-33	-68	4660	
-290	490	15713	-3158	10	-36	-71	4660	
-280	440	15673	-3163	12	-35	-66	4660	
-286	490	15697	-3159	11	-41	-70	4660	
-293	485	15702	-3158	10	-38	-63	4660	
-289	478	15711	-3150	10	-30	-65	4660	
-286	462	15693	-3153	14	-48	-60	4660	
-281	457	15664	-3159	8	-40	-63	4660	
-302	471	15683	-3150	13	-39	-69	4660	
-286	452	15690	-3157	12	-28	-60	4660	
-300	456	15662	-3149	14	-39	-61	4660	
-308	446	15709	-3150	13	-46	-68	4660	
-291	456	15703	-3152	15	-32	-68	4660	
-273	458	15696	-3164	9	-35	-74	4660	
-304	455	15695	-3155	14	-42	-64	4660	
-284	458	15734	-3150	9	-43	-68	4660	
-266	466	15703	-3157	12	-39	-69	4660	
-315	473	15706	-3154	10	-34	-64	4660	
-290	448	15663	-3153	10	-40	-61	4660	
-289	467	15673	-3152	14	-28	-69	4660	
-277	460	15701	-3158	10	-37	-67	4660	
-280	485	15718	-3161	12	-37	-69	4660	
-274	482	15701	-3150	10	-34	-71	4660	
-258	466	15727	-3157	9	-38	-68	4660	
-296	448	15735	-3150	11	-38	-67	4660	
-289	468	15704	-3152	8	-41	-66	4660	
-317	455	15691	-3160	18	-35	-69	4660	
-266	472	15671	-3154	5	-36	-68	4660	
-280	469	15627	-3156	11	-41	-68	4660	
-283	487	15727	-3161	6	-28	-70	4660	
-292	430	15718	-3147	7	-40	-66	4660	
-279	477	15645	-3153	13	-36	-72	4660	
-280	448	15697	-3157	16	-42	-67	4660	
-310	466	15699	-3156	17	-39	-69	4660	
-299	481	15699	-3154	9	-42	-68	4660	
-270	442	15701	-3154	8	-36	-66	4660	
-278	445	15655	-3154	11	-37	-70	4660	
-302	478	15691	-3154	4	-33	-68	4660	
-307	464	15678	-3166	16	-26	-68	4660	
-275	471	15670	-3159	3	-40	-68	4660	
-291	486	15689	-3151	4	-30	-64	4660	
-287	460	15686	-3159	11	-33	-67	4660	
-269	468	15762	-3151	12	-36	-73	4660	
-276	451	15733	-3156	3	-34	-64	4660	
-287	429	15681	-3144	8	-36	-62	4660	
-276	461	15664	-3152	7	-39	-65	4660	
-297	462	15706	-3152	9	-40	-66	4660	
-303	441	15689	-3148	9	-38	-67	4660	
-259	437	15718	-3151	15	-43	-66	4660	
-278	471	15732	-3159	8	-41	-65	4660	
-267	469	15708	-3157	13	-40	-68	4660	
-295	434	15716	-3159	5	-39	-70	4660	
-290	442	15717	-3154	11	-33	-70	4660	
-288	471	15689	-3156	8	-45	-68	4660	
-307	444	15692	-3157	11	-39	-66	4660	
-301	473	15727	-3165	9	-39	-69	4660	
-301	447	15656	-3155	6	-35	-62	4660	
-283	458	15695	-3155	7	-35	-68	4660	
-308	440	15696	-3155	12	-35	-68	4660	
-305	463	15717	-3152	8	-41	-70	4660	
-297	457	15707	-3146	10	-41	-68	4660	
-300	450	15691	-3159	16	-37	-71	4660	
-283	441	15673	-3162	9	-39	-67	4660	
-306	443	15687	-3154	14	-39	-65	4660	
-308	464	15686	-3161	7	-38	-65	4660	
-296	469	15709	-3160	5	-34	-70	4660	
-297	449	15691	-3150	13	-38	-65	4660	
-285	452	15708	-3159	12	-41	-67	4660	
-266	447	15710	-3147	7	-35	-68	4660	
-301	459	15701	-3165	10	-42	-65	4660	
-285	460	15705	-3156	14	-41	-66	4660	
-308	457	15700	-3159	7	-39	-61	4660	
-295	457	15693	-3153	9	-38	-65	4660	
-294	442	15699	-3147	10	-39	-67	4660	
-276	477	15677	-3155	7	-34	-72	4660	
-303	464	15678	-3150	10	-32	-70	4660	
-289	468	15679	-3153	4	-35	-70	4660	
-292	469	15738	-3143	14	-40	-63	4660	
-320	471	15686	-3163	6	-34	-67	4660	
-267	462	15729	-3166	6	-38	-58	4660	
-301	461	15727	-3155	17	-39	-68	4660	
-296	471	15753	-3156	5	-37	-66	4660	
-279	452	15726	-3152	8	-39	-69	4660	
-271	465	15690	-3153	8	-32	-66	4660	
-311	454	15666	-3159	8	-40	-70	4660	
-283	489	15717	-3151	5	-41	-71	4660	
-302	450	15725	-3152	9	-38	-71	4660	
-294	467	15718	-3154	14	-34	-65	4660	
-306	454	15687	-3149	4	-33	-68	4660	
-296	454	15679	-3153	5	-32	-68	4660	
-302	460	15696	-3156	5	-40	-64	4660	
-282	420	15722	-3152	12	-36	-71	4660	
-298	465	15684	-3152	12	-38	-61	4660	
-291	457	15663	-3151	17	-37	-69	4660	
-286	468	15709	-3153	14	-40	-67	4660	
-316	458	15681	-3145	13	-34	-67	4660	
-289	454	15713	-3160	8	-36	-62	4660	
-280	463	15712	-3157	10	-31	-68	4660	
-328	461	15677	-3159	6	-33	-69	4660	
-297	453	15712	-3150	8	-33	-63	4660	
-279	493	15696	-3152	6	-40	-70	4660	
-307	443	15722	-3158	12	-43	-67	4660	
-276	439	15686	-3149	6	-41	-68	4660	
-305	474	15686	-3155	14	-37	-67	4660	
-263	476	15684	-3157	9	-35	-72	4660	
-319	468	15711	-3148	16	-40	-66	4660	
-337	443	15678	-3148	11	-36	-70	4660	
-269	435	15688	-3153	8	-41	-70	4660	
-292	458	15704	-3162	10	-38	-72	4660	
-276	474	15729	-3158	9	-35	-63	4660	
-281	460	15716	-3157	11	-34	-72	4660	
-300	476	15726	-3147	10	-38	-64	4660	
-279	469	15696	-3151	13	-38	-63	4660	
-289	462	15686	-3156	7	-40	-69	4660	
-289	485	15701	-3151	12	-36	-66	4660	
-279	467	15711	-3155	13	-36	-65	4660	
-296	464	15718	-3157	9	-35	-70	4660	
-281	468	15685	-3150	2	-37	-64	4660	
-319	475	15715	-3157	7	-45	-70	4660	
-258	461	15688	-3154	7	-37	-67	4660	
-302	464	15728	-3154	11	-36	-68	4660	
-320	452	15701	-3159	12	-41	-67	4660	
-280	457	15672	-3163	13	-34	-72	4660	
-318	456	15761	-3156	14	-42	-66	4660	
-279	438	15719	-3146	6	-38	-67	4660	
-282	436	15713	-3157	7	-40	-65	4660	
-320	455	15687	-3152	6	-35	-69	4660	
-303	443	15685	-3160	10	-42	-71	4660	
-276	458	15732	-3160	8	-38	-65	4660	
-289	460	15746	-3156	13	-40	-70	4660	
-284	454	15695	-3160	10	-37	-65	4660	
-292	443	15687	-3152	6	-41	-65	4660	
-309	456	15676	-3151	10	-41	-67	4660	
-286	465	15686	-3161	12	-30	-67	4660	
-271	487	15707	-3155	9	-39	-64	4660	
-275	462	15724	-3150	13	-43	-66	4660	
-281	451	15681	-3153	11	-40	-68	4660	
-282	471	15695	-3156	7	-39	-74	4660	
-272	444	15678	-3154	17	-29	-67	4660	
-271	459	15735	-3157	13	-35	-68	4660	
-314	470	15710	-3152	4	-37	-60	4660	
-303	441	15715	-3154	10	-38	-64	4660	
-299	469	15711	-3150	9	-40	-64	4660	
-278	466	15708	-3159	6	-40	-69	4660	
-276	444	15705	-3152	14	-42	-70	4660	
-281	475	15715	-3156	13	-39	-70	4660	
-327	477	15693	-3155	3	-42	-68	4660	
-305	472	15693	-3155	23	-39	-62	4660	
-268	511	15685	-3160	3	-39	-74	4660	
-264	462	15666	-3155	5	-43	-66	4660	
-293	442	15674	-3160	12	-35	-66	4660	
-307	478	15705	-3157	18	-32	-70	4660	
-293	476	15700	-3157	5	-32	-71	4660	
-296	456	15703	-3152	20	-22	-64	4660	
-297	438	15704	-3150	24	-28	-65	4660	
-293	443	15736	-3167	26	-13	-68	4660	
-301	532	15709	-3151	53	-3	-60	4660	
-248	-340	15685	-3155	40	-10	146	4660	
-259	62	15621	-3145	11	-28	816	4660	
-488	-367	15750	-3156	-82	-32	-218	4660	
-265	-731	15659	-3149	-73	-38	154	4660	
-320	-352	15558	-3152	-53	-73	544	4660	
-266	22	15429	-3153	-11	-80	-278	4660	
-209	87	15723	-3156	60	-58	-1303	4660	
-81	-487	15756	-3158	1	5	-169	4660	
-559	-115	15969	-3160	-121	-18	410	4660	
-559	221	15504	-3152	-43	-56	1133	4660	
-480	516	15692	-3152	-250	-37	482	4660	
-330	-360	15459	-3157	-340	-113	-726	4660	
-78	-96	16251	-3148	252	-54	674	4660	
-302	530	15282	-3153	296	79	1074	4660	
52	1238	15926	-3150	270	-77	1719	4660	
-138	373	15802	-3153	-296	52	-6	4660	
159	986	16015	-3162	-22	-5	1224	4660	
-556	1767	15542	-3161	-42	-25	217	4660	
-572	1625	15638	-3157	-37	-58	-1929	4660	
-31	490	15659	-3156	10	-21	-2451	4660	
-342	1193	15697	-3155	11	-19	-2114	4660	
15	277	15638	-3156	-14	-60	837	4660	
-515	1414	15690	-3165	67	-44	17	4660	
-484	658	15732	-3166	-4	-31	-61	4660	
-381	388	15693	-3153	30	-3	-69	4660	
-337	335	15659	-3166	4	-55	-65	4660	
-411	939	15642	-3155	39	-35	-722	4660	
-277	201	15682	-3161	-28	-61	-1075	4660	
-332	-97	15748	-3163	37	-27	-360	4660	
-353	344	15705	-3160	27	-16	-62	4660	
-380	342	15822	-3163	-6	-89	-63	4660	
-293	286	15664	-3159	-53	-122	241	4660	
-299	401	15735	-3160	27	-41	-68	4660	
-339	316	15707	-3158	18	-37	-66	4660	
-284	295	15701	-3161	3	-37	-67	4660	
-289	336	15716	-3156	13	-39	-63	4660	
-316	337	15672	-3162	15	-38	-71	4660	
-297	306	15657	-3161	10	-45	-66	4660	
-282	328	15720	-3156	5	-43	-66	4660	
-308	346	15699	-3163	3	-31	-71	4660	
-325	325	15691	-3163	13	-40	-63	4660	
-323	298	15728	-3161	13	-40	-71	4660	
-312	328	15716	-3156	7	-42	-70	4660	
-309	347	15684	-3160	14	-39	-60	4660	
-328	349	15737	-3163	11	-43	-66	4660	
-298	309	15680	-3157	14	-36	-65	4660	
-314	329	15695	-3159	14	-39	-70	4660	
-319	330	15757	-3160	13	-42	-68	4660	
-304	314	15732	-3156	10	-31	-65	4660	
-316	314	15701	-3159	9	-38	-64	4660	
-285	313	15730	-3159	8	-35	-67	4660	
-327	323	15687	-3168	5	-38	-70	4660	
-313	302	15743	-3154	11	-32	-66	4660	
-310	311	15672	-3164	7	-36	-64	4660	
-323	334	15690	-3161	18	-36	-70	4660	
-292	343	15737	-3157	11	-38	-68	4660	
-307	311	15641	-3164	13	-33	-65	4660	
-286	347	15693	-3159	15	-33	-67	4660	
-304	326	15705	-3155	17	-43	-65	4660	
-304	319	15668	-3167	12	-42	-63	4660	
-305	332	15678	-3160	13	-32	-64	4660	
-298	311	15702	-3160	9	-37	-67	4660	
-303	317	15668	-3156	7	-38	-62	4660	
-319	339	15670	-3164	9	-38	-65	4660	
-288	346	15707	-3163	8	-35	-66	4660	
-312	314	15692	-3166	7	-42	-68	4660	
-273	328	15728	-3164	17	-43	-66	4660	
-300	336	15708	-3159	8	-39	-62	4660	
-321	309	15714	-3156	14	-41	-69	4660	
-294	337	15689	-3150	9	-39	-65	4660	
-298	322	15690	-3163	8	-34	-65	4660	
-311	310	15673	-3164	6	-38	-60	4660	
-290	314	15703	-3162	12	-42	-65	4660	
-269	296	15686	-3164	14	-48	-65	4660	
-323	351	15699	-3159	12	-38	-70	4660	
-298	326	15719	-3163	4	-30	-64	4660	
-298	335	15658	-3165	7	-38	-74	4660	
-300	330	15696	-3163	13	-32	-59	4660	
-292	347	15715	-3163	12	-40	-67	4660	
-313	348	15682	-3157	12	-38	-71	4660	
-308	323	15690	-3164	10	-31	-72	4660	
-311	339	15694	-3153	15	-42	-64	4660	
-291	314	15723	-3163	12	-45	-68	4660	
-301	335	15667	-3160	9	-41	-65	4660	
-303	328	15666	-3153	10	-42	-73	4660	
-295	338	15720	-3168	17	-37	-63	4660	
-307	329	15708	-3165	10	-34	-66	4660	
-327	323	15706	-3159	16	-36	-72	4660	
-296	351	15701	-3167	10	-46	-71	4660	
-324	340	15677	-3165	16	-34	-71	4660	
-310	323	15667	-3165	13	-38	-59	4660	
-309	334	15729	-3161	15	-40	-63	4660	
-302	305	15698	-3169	11	-33	-65	4660	
-300	335	15745	-3168	11	-37	-64	4660	
-295	322	15673	-3169	11	-45	-66	4660	
-291	308	15705	-3160	9	-38	-69	4660	
-296	327	15696	-3162	18	-41	-64	4660	
-283	329	15700	-3152	12	-34	-66	4660	
-318	347	15671	-3159	16	-36	-67	4660	
-276	325	15702	-3154	9	-38	-65	4660	
-312	327	15679	-3164	11	-35	-72	4660	
-325	329	15697	-3164	13	-40	-64	4660	
-311	329	15725	-3156	11	-38	-65	4660	
-325	317	15729	-3168	16	-44	-66	4660	
-304	319	15677	-3170	8	-43	-65	4660	
-313	338	15683	-3171	11	-40	-71	4660	
-289	331	15698	-3161	16	-43	-66	4660	
-330	319	15683	-3156	12	-34	-63	4660	
-288	328	15709	-3153	7	-44	-70	4660	
-323	349	15705	-3165	11	-35	-68	4660	
-298	316	15718	-3164	10	-40	-63	4660	
-315	313	15678	-3170	16	-34	-64	4660	
-299	327	15669	-3164	11	-34	-67	4660	
-319	324	15723	-3170	12	-34	-66	4660	
-343	332	15707	-3164	11	-40	-62	4660	
-295	339	15714	-3164	13	-42	-62	4660	
-308	317	15678	-3166	13	-38	-65	4660	
-300	321	15727	-3162	12	-39	-67	4660	
-324	317	15703	-3170	4	-37	-68	4660	
-303	321	15642	-3159	9	-39	-69	4660	
-300	328	15656	-3170	15	-42	-71	4660	
-319	350	15679	-3158	15	-38	-65	4660	
-303	346	15741	-3164	9	-37	-68	4660	
-318	306	15717	-3161	14	-35	-68	4660	
-312	316	15676	-3168	12	-43	-68	4660	
-288	321	15695	-3162	16	-36	-65	4660	
-306	324	15731	-3164	8	-38	-68	4660	
-284	339	15685	-3172	11	-42	-70	4660	
-301	292	15738	-3154	11	-36	-62	4660	
-303	336	15677	-3170	8	-38	-67	4660	
-314	294	15681	-3170	16	-36	-70	4660	
-310	329	15712	-3163	17	-40	-65	4660	
-317	329	15708	-3164	12	-36	-71	4660	
-322	315	15687	-3162	10	-33	-68	4660	
-307	310	15695	-3165	10	-36	-68	4660	
-312	323	15677	-3172	8	-37	-71	4660	
-309	319	15729	-3170	11	-38	-70	4660	
-292	303	15713	-3164	9	-39	-63	4660	
-318	329	15714	-3152	15	-35	-67	4660	
-283	322	15718	-3165	11	-39	-66	4660	
-305	321	15694	-3161	4	-49	-70	4660	
-281	322	15720	-3164	15	-40	-66	4660	
-313	315	15720	-3164	13	-38	-71	4660	
-301	326	15721	-3164	9	-40	-73	4660	
-300	312	15688	-3161	11	-38	-66	4660	
-307	311	15719	-3163	16	-35	-66	4660	
-296	329	15698	-3167	8	-34	-71	4660	
-297	313	15690	-3164	15	-40	-72	4660	
-316	346	15751	-3154	3	-35	-70	4660	
-298	337	15699	-3163	7	-39	-63	4660	
-303	330	15669	-3167	10	-40	-67	4660	
-320	319	15731	-3168	10	-36	-74	4660	
-283	321	15721	-3166	8	-38	-62	4660	
-298	330	15714	-3157	8	-34	-70	4660	
-309	344	15688	-3173	10	-31	-67	4660	
-329	334	15735	-3172	2	-36	-64	4660	
-292	313	15688	-3169	6	-39	-60	4660	
-307	322	15686	-3159	13	-41	-65	4660	
-294	326	15689	-3162	12	-37	-62	4660	
-323	315	15735	-3169	10	-39	-65	4660	
-302	331	15716	-3174	16	-42	-66	4660	
-301	323	15740	-3171	8	-37	-70	4660	
-301	327	15711	-3167	9	-40	-71	4660	
-316	334	15702	-3165	13	-43	-71	4660	
-294	332	15730	-3177	11	-47	-70	4660	
-324	308	15734	-3171	12	-40	-65	4660	
-315	346	15713	-3164	12	-39	-75	4660	
-310	308	15702	-3161	10	-36	-67	4660	
-306	317	15711	-3169	15	-39	-56	4660	
-336	320	15671	-3166	10	-38	-68	4660	
-298	320	15732	-3177	9	-38	-64	4660	
-329	316	15712	-3161	9	-40	-71	4660	
-284	332	15691	-3162	10	-35	-66	4660	
-316	322	15703	-3172	10	-35	-64	4660	
-311	351	15691	-3162	11	-35	-66	4660	
-275	315	15698	-3168	13	-39	-64	4660	
-327	320	15715	-3170	16	-41	-71	4660	
-315	319	15679	-3164	14	-31	-60	4660	
-309	336	15687	-3168	13	-37	-67	4660	
-302	329	15722	-3174	15	-35	-63	4660	
-329	315	15725	-3168	15	-28	-61	4660	
-304	294	15675	-3166	14	-38	-68	4660	
-307	305	15680	-3175	10	-38	-65	4660	
-321	302	15699	-3162	8	-31	-72	4660	
-280	310	15686	-3164	10	-38	-65	4660	
-312	343	15713	-3167	18	-37	-68	4660	
-289	338	15698	-3171	10	-43	-72	4660	
-307	298	15681	-3160	9	-39	-73	4660	
-275	328	15668	-3167	9	-46	-74	4660	
-295	323	15708	-3174	11	-37	-67	4660	
-306	324	15677	-3169	13	-37	-71	4660	
-295	313	15675	-3173	8	-37	-72	4660	
-319	332	15723	-3172	1	-40	-66	4660	
-305	304	15706	-3164	6	-41	-71	4660	
-307	336	15667	-3171	16	-33	-73	4660	
-330	310	15681	-3169	10	-38	-63	4660	
-295	318	15714	-3163	7	-43	-66	4660	
-350	315	15703	-3174	13	-37	-69	4660	
-294	329	15681	-3171	13	-39	-70	4660	
-303	332	15707	-3166	13	-36	-69	4660	
-285	311	15700	-3173	11	-37	-67	4660	
-315	319	15668	-3170	13	-45	-66	4660	
-300	320	15687	-3181	9	-33	-71	4660	
-292	329	15684	-3165	13	-45	-68	4660	
-317	340	15690	-3163	14	-30	-66	4660	
-306	306	15707	-3167	9	-40	-62	4660	
-296	335	15710	-3171	4	-38	-73	4660	
-280	316	15692	-3172	9	-32	-82	4660	
-308	320	15689	-3166	4	-32	-70	4660	
-311	334	15700	-3170	8	-37	-65	4660	
-314	333	15686	-3182	6	-29	-71	4660	
-288	343	15704	-3167	9	-28	-68	4660	
-308	316	15677	-3167	13	-31	-64	4660	
-311	304	15722	-3170	18	-37	-72	4660	
-320	324	15683	-3164	11	-33	-67	4660	
-296	333	15678	-3160	5	-38	-65	4660	
-295	329	15681	-3169	15	-38	-63	4660	
-303	336	15718	-3164	6	-43	-71	4660	
-299	320	15677	-3166	10	-36	-65	4660	
-298	359	15703	-3168	7	-29	-70	4660	
-306	340	15732	-3155	5	-37	-74	4660	
-310	334	15708	-3164	9	-37	-75	4660	
-318	334	15681	-3164	6	-36	-67	4660	
-282	342	15679	-3161	10	-36	-65	4660	
-309	325	15733	-3172	9	-39	-73	4660	
-288	343	15704	-3165	3	-40	-68	4660	
-291	320	15681	-3174	10	-42	-62	4660	
-338	320	15703	-3168	11	-39	-62	4660	
-321	330	15715	-3172	8	-36	-74	4660	
-294	334	15710	-3172	11	-36	-64	4660	
-306	325	15719	-3171	8	-41	-66	4660	
-297	320	15755	-3168	4	-43	-70	4660	
-294	335	15701	-3171	11	-36	-67	4660	
-312	340	15727	-3160	9	-42	-72	4660	
-283	324	15720	-3174	10	-41	-67	4660	
-301	335	15720	-3165	4	-33	-73	4660	
-312	306	15689	-3174	9	-41	-60	4660	
-300	316	15723	-3170	16	-32	-65	4660	
-333	340	15703	-3173	10	-39	-69	4660	
-303	295	15684	-3171	13	-37	-74	4660	
-304	325	15728	-3168	12	-37	-68	4660	
-313	312	15710	-3168	16	-41	-63	4660	
-307	332	15718	-3156	12	-36	-70	4660	
-314	338	15702	-3163	12	-37	-66	4660	
-301	330	15734	-3164	8	-39	-64	4660	
-300	343	15719	-3162	12	-32	-66	4660	
-296	311	15655	-3172	16	-37	-67	4660	
-336	323	15689	-3164	9	-38	-71	4660	
-302	315	15702	-3167	9	-40	-70	4660	
-300	330	15686	-3165	13	-42	-65	4660	
-314	330	15710	-3164	8	-42	-63	4660	
-319	320	15729	-3166	12	-32	-61	4660	
-300	337	15707	-3174	14	-41	-66	4660	
-315	342	15713	-3171	8	-34	-62	4660	
-301	315	15674	-3174	10	-34	-71	4660	
-306	317	15706	-3176	11	-36	-66	4660	
-307	349	15683	-3163	15	-36	-65	4660	
-315	357	15685	-3170	7	-41	-70	4660	
-312	320	15683	-3159	12	-39	-65	4660	
-309	341	15728	-3163	11	-36	-65	4660	
-300	324	15716	-3164	9	-43	-63	4660	
-328	360	15676	-3163	12	-38	-65	4660	
-292	311	15724	-3172	10	-35	-67	4660	
-296	334	15688	-3160	12	-34	-63	4660	
-289	345	15674	-3177	11	-46	-71	4660	
-295	319	15711	-3175	13	-39	-67	4660	
-304	328	15679	-3166	12	-40	-68	4660	
-340	332	15708	-3170	7	-35	-62	4660	
-324	322	15726	-3168	6	-39	-64	4660	
-336	339	15740	-3169	9	-38	-67	4660	
-313	322	15736	-3173	15	-45	-68	4660	
-288	317	15709	-3167	10	-36	-70	4660	
-304	339	15704	-3164	10	-35	-68	4660	
-306	309	15686	-3168	6	-36	-64	4660	
-310	295	15728	-3168	14	-44	-71	4660	
-319	324	15685	-3174	18	-34	-69	4660	
-290	322	15708	-3163	11	-39	-64	4660	
-304	335	15671	-3159	9	-33	-64	4660	
-287	320	15712	-3170	16	-34	-74	4660	
-287	336	15730	-3169	4	-36	-67	4660	
-351	319	15720	-3166	8	-41	-76	4660	
-295	329	15671	-3171	12	-38	-66	4660	
-316	344	15690	-3180	14	-32	-70	4660	
-309	310	15697	-3168	12	-36	-68	4660	
-311	324	15737	-3181	11	-43	-69	4660	
-291	330	15678	-3170	12	-35	-71	4660	
-289	317	15687	-3175	11	-40	-69	4660	
-313	330	15697	-3169	15	-41	-69	4660	
-325	331	15707	-3170	13	-33	-74	4660	
-297	331	15704	-3167	13	-38	-65	4660	
-283	347	15686	-3173	16	-43	-65	4660	
-277	303	15706	-3174	11	-33	-76	4660	
-318	317	15696	-3170	13	-35	-62	4660	
-298	338	15738	-3170	13	-44	-60	4660	
-322	315	15679	-3176	17	-42	-74	4660	
-306	344	15699	-3172	9	-38	-75	4660	
-296	312	15675	-3169	13	-41	-69	4660	
-333	353	15725	-3170	10	-34	-74	4660	
-306	343	15661	-3172	11	-38	-72	4660	
-305	339	15690	-3170	19	-35	-63	4660	
-307	302	15695	-3169	11	-38	-70	4660	
-310	335	15717	-3171	16	-43	-66	4660	
-293	338	15687	-3175	7	-42	-73	4660	
-297	321	15696	-3175	10	-35	-65	4660	
-296	307	15702	-3175	10	-40	-64	4660	
-294	328	15695	-3170	9	-41	-70	4660	
-307	329	15669	-3175	2	-38	-64	4660	
-306	318	15715	-3169	8	-39	-70	4660	
-288	332	15666	-3172	15	-42	-66	4660	
-311	318	15658	-3162	11	-41	-67	4660	
-317	318	15718	-3172	8	-39	-62	4660	
-327	358	15707	-3176	15	-42	-64	4660	
-310	338	15694	-3183	13	-39	-67	4660	
-325	321	15699	-3164	15	-46	-68	4660	
-319	338	15709	-3181	8	-37	-66	4660	
-296	319	15708	-3172	7	-45	-66	4660	
-316	325	15742	-3173	13	-42	-64	4660	
-305	317	15708	-3175	13	-46	-69	4660	
-306	334	15699	-3178	11	-42	-67	4660	
-281	338	15706	-3171	15	-42	-64	4660	
-319	323	15699	-3167	10	-41	-70	4660	
-316	321	15758	-3173	12	-34	-73	4660	
-307	324	15687	-3170	8	-39	-69	4660	
-281	342	15660	-3170	10	-41	-70	4660	
-330	344	15693	-3167	8	-37	-67	4660	
-300	309	15691	-3165	15	-42	-62	4660	
-284	323	15699	-3166	11	-37	-61	4660	
-305	323	15672	-3173	10	-28	-66	4660	
-306	308	15699	-3162	13	-32	-66	4660	
-312	325	15724	-3162	13	-37	-67	4660	
-325	340	15702	-3173	16	-36	-62	4660	
-300	324	15739	-3176	5	-32	-63	4660	
-304	322	15752	-3169	11	-46	-71	4660	
-276	341	15713	-3163	12	-37	-67	4660	
-336	342	15668	-3171	11	-43	-65	4660	
-313	348	15704	-3176	11	-38	-70	4660	
-302	327	15687	-3176	9	-42	-66	4660	
-315	323	15692	-3175	15	-39	-71	4660	
-289	320	15721	-3169	11	-36	-68	4660	
-283	315	15722	-3176	18	-43	-61	4660	
-312	325	15669	-3171	17	-39	-63	4660	
-320	301	15685	-3168	9	-38	-65	4660	
-311	302	15721	-3170	10	-39	-64	4660	
-331	291	15687	-3169	13	-42	-70	4660	
-310	362	15690	-3172	12	-42	-68	4660	
-311	321	15673	-3171	9	-39	-62	4660	
-296	336	15673	-3176	6	-40	-70	4660	
-273	302	15731	-3172	5	-41	-67	4660	
-300	347	15738	-3171	14	-30	-65	4660	
-289	334	15665	-3181	9	-37	-64	4660	
-328	338	15716	-3174	9	-33	-69	4660	
-323	315	15696	-3180	12	-35	-70	4660	
-306	310	15701	-3169	13	-34	-74	4660	
-319	342	15703	-3176	9	-34	-62	4660	
-303	322	15699	-3173	17	-41	-67	4660	
-306	327	15674	-3164	11	-36	-74	4660	
-291	310	15674	-3164	10	-39	-67	4660	
-322	329	15714	-3168	8	-39	-71	4660	
-306	328	15707	-3164	13	-40	-67	4660	
-304	329	15661	-3168	10	-34	-66	4660	
-298	326	15715	-3177	8	-38	-62	4660	
-301	307	15636	-3175	10	-45	-63	4660	
-324	331	15701	-3172	6	-35	-69	4660	
-309	305	15692	-3172	8	-32	-69	4660	
-332	358	15682	-3173	13	-33	-68	4660	
-305	331	15685	-3173	10	-38	-67	4660	
-323	325	15676	-3166	9	-35	-69	4660	
-304	305	15660	-3174	15	-37	-65	4660	
-296	341	15693	-3163	17	-37	-71	4660	
-303	320	15682	-3172	17	-44	-71	4660	
-309	309	15684	-3169	20	-39	-72	4660	
-276	345	15678	-3169	10	-37	-74	4660	
-309	324	15684	-3162	13	-35	-64	4660	
-301	322	15696	-3170	16	-30	-68	4660	
-327	315	15744	-3170	7	-30	-66	4660	
-323	337	15675	-3167	13	-41	-67	4660	
-316	301	15690	-3168	15	-38	-66	4660	
-297	328	15695	-3173	10	-27	-70	4660	
-309	307	15680	-3172	6	-36	-72	4660	
-291	340	15732	-3173	18	-38	-69	4660	
-318	314	15685	-3175	12	-41	-68	4660	
-322	321	15723	-3170	10	-42	-63	4660	
-293	311	15708	-3167	10	-41	-67	4660	
-296	314	15733	-3176	10	-34	-70	4660	
-279	294	15723	-3170	10	-37	-66	4660	
-330	321	15651	-3159	14	-39	-70	4660	
-291	326	15681	-3166	10	-30	-63	4660	
-293	329	15678	-3165	4	-43	-70	4660	
-297	310	15674	-3171	13	-42	-70	4660	
-308	349	15719	-3173	15	-46	-69	4660	
-311	331	15667	-3166	10	-42	-72	4660	
-324	318	15683	-3181	9	-35	-71	4660	
-321	345	15740	-3172	7	-37	-69	4660	
-339	315	15718	-3176	9	-38	-67	4660	
-328	292	15691	-3168	10	-36	-68	4660	
-301	306	15645	-3173	9	-29	-67	4660	
-307	310	15729	-3169	10	-41	-71	4660	
-317	313	15666	-3176	4	-39	-72	4660	
-323	327	15663	-3175	11	-33	-68	4660	
-294	349	15718	-3176	13	-39	-67	4660	
-329	299	15699	-3173	14	-37	-70	4660	
-305	334	15693	-3172	12	-37	-72	4660	
-288	345	15722	-3168	9	-34	-70	4660	
-308	338	15663	-3170	19	-41	-66	4660	
-333	319	15694	-3174	12	-36	-72	4660	
-319	334	15697	-3174	6	-34	-71	4660	
-307	324	15710	-3167	14	-36	-72	4660	
-321	336	15717	-3169	20	-39	-63	4660	
-310	328	15718	-3177	11	-42	-68	4660	
-317	330	15671	-3176	15	-38	-65	4660	
-293	307	15709	-3176	2	-32	-74	4660	
-292	330	15682	-3172	13	-37	-72	4660	
-326	344	15674	-3174	6	-38	-65	4660	
-324	323	15693	-3176	11	-40	-67	4660	
-307	334	15717	-3183	15	-39	-62	4660	
-309	315	15710	-3168	14	-35	-64	4660	
-307	327	15666	-3163	16	-31	-60	4660	
-311	356	15695	-3177	15	-32	-61	4660	
-302	338	15670	-3177	16	-41	-64	4660	
-300	306	15689	-3186	14	-35	-69	4660	
-315	333	15688	-3173	10	-37	-66	4660	
-301	329	15664	-3179	11	-44	-64	4660	
-302	307	15702	-3174	14	-38	-73	4660	
-303	313	15673	-3175	11	-41	-70	4660	
-328	310	15710	-3178	10	-36	-66	4660	
-329	312	15724	-3174	10	-40	-64	4660	
-298	341	15692	-3174	7	-38	-68	4660	
-321	336	15709	-3178	6	-43	-67	4660	
-302	324	15694	-3172	10	-36	-67	4660	
-309	312	15705	-3170	14	-39	-65	4660	
-308	324	15696	-3175	10	-35	-66	4660	
-295	344	15692	-3174	14	-42	-67	4660	
-321	320	15668	-3175	13	-28	-66	4660	
-311	343	15739	-3173	11	-38	-66	4660	
-299	339	15684	-3177	13	-43	-65	4660	
-296	318	15713	-3174	10	-36	-69	4660	
-298	344	15675	-3184	16	-37	-67	4660	
-301	356	15682	-3170	19	-38	-71	4660	
-305	340	15717	-3165	11	-40	-66	4660	
-308	312	15697	-3181	13	-40	-65	4660	
-291	314	15695	-3170	14	-37	-73	4660	
-315	320	15708	-3172	11	-37	-67	4660	
-296	315	15668	-3168	15	-39	-66	4660	
-330	323	15684	-3168	15	-38	-69	4660	
-314	335	15687	-3170	14	-37	-65	4660	
-305	326	15662	-3184	17	-35	-74	4660	
-300	319	15695	-3172	9	-43	-68	4660	
-313	329	15694	-3180	11	-35	-67	4660	
-292	337	15685	-3168	11	-38	-71	4660	
-311	322	15637	-3172	11	-33	-67	4660	
-283	335	15702	-3179	12	-36	-66	4660	
-294	317	15718	-3172	17	-35	-67	4660	
-323	341	15704	-3176	15	-42	-67	4660	
-317	332	15676	-3182	14	-38	-72	4660	
-289	322	15682	-3164	12	-39	-68	4660	
-335	335	15732	-3171	13	-38	-69	4660	
-310	313	15728	-3172	10	-36	-71	4660	
-297	318	15665	-3170	13	-44	-71	4660	
-308	328	15696	-3174	15	-36	-65	4660	
-317	310	15697	-3172	11	-40	-63	4660	
-312	326	15668	-3168	13	-36	-63	4660	
-317	327	15689	-3169	14	-40	-68	4660	
-327	333	15723	-3182	10	-39	-64	4660	
-328	331	15663	-3179	14	-41	-69	4660	
-299	339	15669	-3178	7	-39	-68	4660	
-305	308	15719	-3171	6	-40	-69	4660	
-324	338	15684	-3175	8	-47	-64	4660	
-307	343	15660	-3178	13	-38	-72	4660	
-314	330	15694	-3176	11	-36	-68	4660	
-299	326	15701	-3172	15	-39	-65	4660	
-310	319	15681	-3176	10	-34	-68	4660	
-301	336	15676	-3176	11	-40	-63	4660	
-316	338	15686	-3170	14	-39	-64	4660	
-296	338	15665	-3176	12	-37	-74	4660	
-314	325	15713	-3162	8	-38	-70	4660	
-260	326	15711	-3166	6	-31	-68	4660	
-287	346	15719	-3170	10	-33	-66	4660	
-315	325	15674	-3174	9	-33	-66	4660	
-301	351	15668	-3182	7	-37	-71	4660	
-323	316	15709	-3170	4	-35	-73	4660	
-306	286	15705	-3172	5	-36	-66	4660	
-306	328	15671	-3170	9	-37	-63	4660	
-328	331	15672	-3172	8	-35	-64	4660	
-288	320	15731	-3168	5	-41	-66	4660	
-283	336	15727	-3173	3	-35	-64	4660	
-306	337	15742	-3178	12	-32	-67	4660	
-298	326	15687	-3180	10	-35	-61	4660	
-311	307	15644	-3170	10	-45	-71	4660	
-319	337	15718	-3175	13	-33	-70	4660	
-312	339	15716	-3169	12	-30	-72	4660	
-299	318	15685	-3168	9	-42	-69	4660	
-292	330	15697	-3174	12	-40	-64	4660	
-302	309	15680	-3173	13	-44	-68	4660	
-299	320	15689	-3177	9	-33	-70	4660	
-297	353	15705	-3169	12	-42	-68	4660	
-293	311	15673	-3172	11	-38	-63	4660	
-316	344	15731	-3167	9	-37	-69	4660	
-288	345	15677	-3173	8	-35	-72	4660	
-297	338	15671	-3174	11	-37	-59	4660	
-318	358	15705	-3172	8	-34	-66	4660	
-304	354	15705	-3178	14	-40	-64	4660	
-315	341	15673	-3183	11	-39	-66	4660	
-334	322	15710	-3166	14	-36	-65	4660	
-310	335	15678	-3171	15	-43	-64	4660	
-324	323	15724	-3166	10	-41	-72	4660	
-298	316	15691	-3175	10	-43	-69	4660	
-319	327	15729	-3176	16	-35	-69	4660	
-311	335	15656	-3172	17	-42	-69	4660	
-290	332	15709	-3179	14	-36	-67	4660	
-289	329	15701	-3166	13	-37	-65	4660	
-315	312	15670	-3164	12	-34	-70	4660	
-324	330	15680	-3172	13	-37	-68	4660	
-275	339	15684	-3172	3	-37	-65	4660	
-287	317	15717	-3173	15	-37	-69	4660	
-324	338	15703	-3168	9	-39	-65	4660	
-310	307	15679	-3171	12	-41	-71	4660	
-293	330	15700	-3178	11	-27	-76	4660	
-342	333	15704	-3172	9	-31	-65	4660	
-318	328	15686	-3166	9	-40	-72	4660	
-317	315	15701	-3177	16	-45	-67	4660	
-302	333	15702	-3171	11	-40	-66	4660	
-315	309	15688	-3175	16	-44	-60	4660	
-327	330	15694	-3173	8	-38	-68	4660	
-307	334	15654	-3177	9	-38	-63	4660	
-296	337	15684	-3173	6	-42	-69	4660	
-295	305	15705	-3170	16	-43	-68	4660	
-307	326	15699	-3169	9	-35	-71	4660	
-315	330	15701	-3176	5	-41	-65	4660	
-320	324	15711	-3178	15	-38	-66	4660	
-315	330	15696	-3179	10	-45	-69	4660	
-290	324	15728	-3173	10	-39	-67	4660	
-301	356	15681	-3165	11	-40	-68	4660	
-311	335	15698	-3181	15	-39	-70	4660	
-327	321	15711	-3174	13	-39	-60	4660	
-324	303	15670	-3167	8	-41	-65	4660	
-301	302	15660	-3177	7	-40	-70	4660	
-310	335	15687	-3172	12	-38	-70	4660	
-295	332	15695	-3169	10	-34	-68	4660	
-294	314	15696	-3177	11	-37	-62	4660	
-302	341	15704	-3167	12	-46	-69	4660	
-285	322	15703	-3179	15	-37	-62	4660	
-328	321	15713	-3189	10	-27	-68	4660	
-275	322	15703	-3173	6	-32	-63	4660	
-313	345	15734	-3175	12	-42	-67	4660	
-302	335	15707	-3173	13	-45	-67	4660	
-300	324	15681	-3178	11	-35	-70	4660	
-318	318	15699	-3181	11	-39	-68	4660	
-300	329	15657	-3177	11	-37	-74	4660	
-312	318	15722	-3177	10	-41	-64	4660	
-293	332	15673	-3170	9	-49	-68	4660	
-325	342	15743	-3186	5	-30	-64	4660	
-305	326	15706	-3173	12	-40	-68	4660	
-301	311	15712	-3172	8	-42	-75	4660	
-297	348	15676	-3164	12	-37	-66	4660	
-307	315	15693	-3169	9	-40	-68	4660	
-314	346	15689	-3177	11	-40	-70	4660	
-302	346	15725	-3185	9	-37	-67	4660	
-304	322	15715	-3166	15	-38	-71	4660	
-297	350	15663	-3177	10	-45	-65	4660	
-315	302	15665	-3174	9	-42	-65	4660	
-318	345	15669	-3177	8	-41	-70	4660	
-310	319	15715	-3171	9	-40	-64	4660	
-303	320	15723	-3174	12	-40	-66	4660	
-300	325	15659	-3172	16	-35	-67	4660	
-309	332	15681	-3176	8	-42	-71	4660	
-301	339	15719	-3177	18	-45	-72	4660	
-291	335	15712	-3179	9	-37	-69	4660	
-341	313	15719	-3175	11	-39	-61	4660	
-312	329	15682	-3175	13	-27	-65	4660	
-310	342	15711	-3174	10	-32	-71	4660	
-324	321	15678	-3175	5	-33	-66	4660	
-311	337	15744	-3172	12	-41	-65	4660	
-320	315	15671	-3172	10	-36	-67	4660	
-307	326	15681	-3183	9	-40	-63	4660	
-314	309	15682	-3173	7	-38	-71	4660	
-296	319	15680	-3174	13	-40	-66	4660	
-310	328	15658	-3182	-2	-31	-67	4660	
-301	322	15671	-3179	9	-40	-62	4660	
-299	325	15692	-3178	9	-34	-64	4660	
-299	331	15735	-3168	11	-38	-66	4660	
-293	338	15689	-3171	8	-43	-67	4660	
-301	341	15698	-3167	8	-35	-76	4660	
-294	317	15720	-3172	9	-37	-64	4660	
-342	323	15718	-3174	11	-43	-67	4660	
-324	324	15712	-3176	10	-37	-64	4660	
-321	349	15725	-3180	13	-35	-63	4660	
-302	348	15690	-3168	8	-41	-68	4660	
-315	315	15712	-3179	12	-33	-69	4660	
-290	318	15689	-3167	7	-41	-70	4660	
-292	336	15712	-3173	12	-38	-67	4660	
-282	320	15688	-3169	18	-36	-67	4660	
-308	332	15668	-3180	10	-31	-69	4660	
-296	320	15693	-3169	7	-36	-70	4660	
-306	314	15685	-3165	5	-44	-67	4660	
-330	309	15670	-3180	10	-40	-62	4660	
-308	322	15694	-3177	15	-40	-63	4660	
-310	310	15665	-3169	9	-36	-72	4660	
-290	345	15711	-3178	6	-40	-66	4660	
-318	311	15707	-3179	7	-34	-63	4660	
-289	336	15658	-3176	13	-33	-67	4660	
-281	320	15684	-3173	16	-32	-68	4660	
-316	316	15746	-3175	13	-39	-61	4660	
-299	319	15703	-3185	14	-31	-64	4660	
-318	343	15693	-3169	7	-37	-63	4660	
-265	310	15737	-3171	5	-35	-70	4660	
-300	313	15643	-3169	9	-37	-66	4660	
-308	323	15675	-3177	11	-39	-66	4660	
-292	332	15706	-3172	12	-40	-68	4660	
-281	296	15678	-3180	10	-40	-70	4660	
-306	326	15714	-3177	7	-39	-68	4660	
-306	309	15700	-3180	8	-42	-69	4660	
-304	304	15720	-3176	20	-38	-69	4660	
-338	336	15712	-3189	5	-39	-68	4660	
-303	346	15667	-3172	13	-37	-68	4660	
-273	320	15665	-3181	15	-37	-65	4660	
-313	335	15670	-3177	6	-37	-68	4660	
-310	326	15712	-3185	3	-40	-70	4660	
-312	323	15694	-3181	13	-43	-70	4660	
-290	319	15751	-3186	6	-40	-67	4660	
-294	331	15731	-3171	7	-40	-68	4660	
-293	314	15741	-3174	13	-33	-68	4660	
-271	334	15651	-3176	14	-35	-71	4660	
-314	343	15723	-3179	13	-40	-66	4660	
-313	328	15688	-3180	18	-33	-66	4660	
-283	357	15687	-3175	4	-44	-71	4660	
-300	320	15706	-3166	9	-38	-72	4660	
-313	335	15730	-3172	9	-39	-71	4660	
-293	326	15683	-3179	16	-34	-71	4660	
-303	321	15683	-3173	15	-41	-66	4660	
-286	309	15698	-3179	18	-36	-69	4660	
-286	336	15683	-3178	14	-38	-66	4660	
-293	338	15729	-3174	14	-34	-69	4660	
-314	351	15667	-3179	13	-38	-67	4660	
-310	322	15738	-3180	12	-41	-70	4660	
-317	326	15695	-3167	10	-40	-67	4660	
-300	327	15650	-3169	17	-37	-72	4660	
-291	328	15713	-3168	12	-39	-71	4660	
-340	320	15671	-3174	14	-40	-69	4660	
-303	329	15694	-3165	11	-37	-70	4660	
-280	367	15729	-3176	15	-37	-62	4660	
-331	335	15685	-3168	5	-33	-74	4660	
-291	294	15677	-3180	15	-29	-70	4660	
-337	334	15704	-3173	9	-35	-73	4660	
-302	335	15687	-3179	13	-33	-69	4660	
-312	327	15684	-3174	12	-40	-68	4660	
-305	351	15667	-3175	16	-33	-68	4660	
-318	320	15689	-3176	9	-40	-66	4660	
-312	339	15749	-3176	5	-33	-66	4660	
-309	323	15670	-3174	10	-43	-72	4660	
-321	308	15669	-3178	4	-39	-66	4660	
-309	328	15700	-3174	15	-41	-67	4660	
-300	345	15694	-3174	10	-38	-71	4660	
-334	323	15693	-3165	6	-37	-64	4660	
-321	329	15706	-3168	5	-34	-70	4660	
-308	314	15684	-3171	8	-36	-64	4660	
-299	336	15722	-3170	13	-36	-70	4660	
-304	305	15683	-3172	15	-37	-69	4660	
-328	324	15676	-3175	10	-36	-67	4660	
-290	327	15698	-3169	14	-37	-67	4660	
-294	342	15654	-3184	13	-38	-77	4660	
-320	340	15700	-3177	12	-40	-72	4660	
-289	313	15685	-3178	15	-24	-73	4660	
-293	333	15687	-3175	14	-36	-67	4660	
-319	330	15687	-3176	13	-34	-67	4660	
-304	328	15685	-3166	7	-35	-70	4660	
-314	324	15672	-3170	11	-35	-70	4660	
-277	327	15717	-3185	10	-34	-67	4660	
-290	353	15677	-3179	8	-34	-69	4660	
-312	329	15728	-3180	11	-42	-68	4660	
-310	324	15694	-3178	7	-39	-66	4660	
-315	340	15701	-3176	10	-38	-72	4660	
-313	325	15674	-3170	14	-41	-63	4660	
-312	347	15736	-3170	11	-37	-70	4660	
-284	328	15641	-3179	14	-42	-69	4660	
-313	319	15688	-3172	15	-41	-67	4660	
-310	324	15699	-3175	13	-37	-66	4660	
-293	344	15738	-3176	6	-38	-61	4660	
-306	316	15696	-3175	13	-36	-66	4660	
-290	339	15710	-3172	13	-35	-65	4660	
-310	325	15687	-3181	11	-35	-73	4660	
-305	334	15671	-3180	10	-36	-67	4660	
-307	334	15698	-3180	11	-43	-68	4660	
-313	326	15725	-3174	10	-30	-66	4660	
-291	332	15684	-3180	7	-39	-66	4660	
-299	315	15695	-3183	12	-34	-72	4660	
-309	304	15672	-3178	7	-36	-68	4660	
-307	311	15670	-3176	5	-42	-70	4660	
-299	325	15724	-3184	12	-29	-71	4660	
-300	342	15684	-3175	13	-38	-65	4660	
-308	324	15682	-3181	13	-36	-64	4660	
-311	318	15698	-3187	12	-38	-65	4660	
-307	314	15682	-3178	5	-42	-64	4660	
-290	334	15685	-3175	12	-32	-70	4660	
-307	337	15691	-3180	12	-38	-70	4660	
-287	321	15700	-3180	8	-40	-67	4660	
-299	338	15715	-3173	10	-47	-70	4660	
-322	322	15679	-3177	5	-37	-66	4660	
-299	306	15741	-3178	13	-44	-67	4660	
-284	342	15693	-3176	10	-41	-63	4660	
-310	328	15650	-3176	10	-36	-62	4660	
-308	331	15718	-3180	8	-29	-66	4660	
-303	315	15658	-3170	13	-40	-69	4660	
-308	343	15723	-3182	8	-37	-70	4660	
-307	313	15702	-3174	12	-33	-69	4660	
-280	333	15694	-3186	11	-39	-70	4660	
-334	338	15707	-3180	7	-37	-67	4660	
-318	338	15683	-3178	12	-33	-66	4660	
-302	334	15700	-3184	16	-35	-67	4660	
-319	331	15691	-3180	12	-32	-64	4660	
-316	334	15661	-3182	9	-40	-68	4660	
-305	316	15679	-3186	8	-35	-67	4660	
-280	329	15659	-3190	6	-37	-67	4660	
-317	303	15689	-3177	9	-32	-65	4660	
-280	335	15655	-3180	10	-38	-72	4660	
-288	327	15707	-3175	8	-39	-60	4660	
-339	309	15682	-3176	6	-36	-65	4660	
-316	326	15691	-3183	10	-42	-66	4660	
-282	343	15733	-3179	10	-43	-69	4660	
-318	307	15697	-3181	9	-46	-74	4660	
-291	328	15676	-3183	11	-41	-66	4660	
-288	343	15667	-3182	7	-43	-62	4660	
-316	342	15704	-3183	18	-44	-69	4660	
-280	341	15692	-3182	6	-38	-67	4660	
-312	327	15690	-3181	9	-34	-65	4660	
-301	328	15696	-3181	6	-35	-66	4660	
-305	317	15706	-3175	12	-42	-72	4660	
-292	298	15684	-3191	9	-31	-72	4660	
-305	336	15663	-3179	13	-40	-68	4660	
-289	338	15674	-3170	13	-35	-65	4660	
-302	315	15683	-3177	11	-32	-68	4660	
-323	346	15705	-3177	7	-37	-65	4660	
-315	330	15714	-3181	13	-33	-69	4660	
-290	337	15673	-3171	11	-39	-69	4660	
-300	313	15659	-3179	13	-38	-66	4660	
-295	322	15688	-3182	10	-37	-66	4660	
-323	322	15664	-3179	12	-45	-67	4660	
-295	333	15723	-3173	14	-36	-62	4660	
-335	324	15690	-3178	8	-42	-65	4660	
-309	339	15708	-3180	10	-32	-68	4660	
-304	312	15677	-3178	12	-36	-69	4660	
-332	307	15689	-3180	11	-37	-66	4660	
-322	355	15695	-3180	7	-38	-66	4660	
-311	323	15679	-3175	12	-39	-69	4660	
-321	332	15710	-3178	13	-37	-62	4660	
-318	302	15691	-3181	14	-42	-68	4660	
-291	334	15751	-3181	12	-31	-66	4660	
-295	341	15697	-3181	9	-42	-67	4660	
-310	313	15691	-3179	12	-37	-65	4660	
-307	309	15679	-3185	7	-37	-71	4660	
-290	341	15684	-3169	9	-38	-67	4660	
-298	317	15742	-3182	15	-46	-66	4660	
-290	304	15713	-3174	7	-35	-69	4660	
-297	302	15677	-3175	16	-46	-69	4660	
-306	324	15715	-3171	10	-37	-65	4660	
-318	328	15702	-3175	11	-36	-66	4660	
-302	335	15669	-3188	9	-32	-68	4660	
-335	315	15706	-3182	16	-40	-69	4660	
-290	331	15700	-3190	12	-36	-65	4660	
-284	329	15714	-3176	3	-36	-67	4660	
-334	315	15695	-3176	21	-38	-70	4660	
-308	316	15687	-3178	11	-36	-68	4660	
-325	335	15718	-3177	9	-40	-74	4660	
-296	303	15674	-3175	13	-44	-62	4660	
-287	339	15687	-3184	13	-35	-69	4660	
-311	314	15691	-3179	7	-36	-67	4660	
-301	322	15675	-3176	9	-43	-68	4660	
-301	363	15698	-3184	10	-34	-63	4660	
-296	307	15706	-3177	7	-38	-65	4660	
-282	301	15703	-3176	11	-35	-70	4660	
-330	329	15659	-3183	17	-35	-70	4660	
-297	321	15724	-3180	12	-40	-63	4660	
-299	320	15675	-3180	12	-32	-64	4660	
-299	306	15695	-3188	13	-37	-67	4660	
-290	321	15690	-3183	6	-36	-68	4660	
-325	319	15701	-3179	11	-36	-67	4660	
-304	335	15672	-3183	8	-33	-70	4660	
-281	321	15677	-3178	14	-33	-62	4660	
-293	325	15684	-3178	18	-41	-68	4660	
-286	336	15679	-3183	9	-39	-65	4660	
-303	321	15708	-3172	6	-36	-70	4660	
-298	344	15681	-3178	9	-46	-64	4660	
-314	319	15690	-3172	12	-41	-71	4660	
-293	331	15705	-3175	10	-34	-67	4660	
-300	330	15657	-3181	4	-38	-64	4660	
-296	334	15690	-3187	4	-36	-65	4660	
-317	319	15632	-3178	13	-29	-68	4660	
-321	331	15665	-3176	9	-38	-66	4660	
-315	326	15734	-3184	14	-33	-73	4660	
-325	318	15702	-3184	12	-45	-69	4660	
-293	323	15700	-3173	9	-30	-66	4660	
-330	334	15694	-3190	12	-40	-70	4660	
-316	315	15735	-3168	13	-38	-71	4660	
-297	343	15688	-3175	11	-39	-69	4660	
-290	336	15716	-3173	14	-40	-73	4660	
-333	311	15720	-3180	14	-46	-64	4660	
-320	340	15690	-3173	7	-37	-68	4660	
-298	318	15723	-3176	11	-35	-69	4660	
-285	330	15682	-3175	7	-38	-63	4660	
-307	313	15713	-3179	6	-39	-72	4660	
-304	339	15747	-3184	19	-40	-72	4660	
-293	325	15670	-3182	7	-38	-69	4660	
-302	299	15707	-3180	12	-31	-67	4660	
-296	315	15686	-3181	11	-30	-70	4660	
-333	338	15668	-3182	12	-36	-67	4660	
-322	309	15716	-3178	10	-38	-71	4660	
-304	322	15704	-3183	13	-44	-65	4660	
-303	345	15714	-3172	13	-52	-72	4660	
-307	326	15678	-3173	14	-34	-66	4660	
-306	323	15674	-3177	11	-45	-69	4660	
-295	327	15695	-3178	12	-42	-71	4660	
-296	336	15699	-3180	14	-36	-67	4660	
-319	329	15681	-3182	11	-35	-68	4660	
-305	331	15701	-3184	14	-33	-62	4660	
-306	312	15688	-3186	17	-36	-69	4660	
-296	330	15699	-3179	10	-38	-67	4660	
-301	332	15680	-3182	16	-34	-72	4660	
-311	306	15701	-3177	13	-34	-68	4660	
-320	340	15724	-3176	7	-40	-67	4660	
-309	304	15696	-3181	12	-39	-68	4660	
-313	313	15709	-3184	6	-38	-63	4660	
-304	324	15689	-3177	13	-31	-68	4660	
-329	307	15724	-3178	6	-38	-62	4660	
-322	308	15726	-3168	9	-40	-68	4660	
-296	323	15694	-3185	4	-34	-66	4660	
-334	324	15652	-3182	15	-39	-68	4660	
-277	302	15682	-3183	12	-32	-67	4660	
-305	332	15736	-3172	14	-36	-66	4660	
-304	351	15719	-3185	16	-34	-65	4660	
-292	338	15700	-3171	17	-38	-68	4660	
-278	330	15689	-3180	8	-40	-68	4660	
-319	327	15681	-3174	12	-33	-74	4660	
-311	314	15670	-3177	13	-45	-66	4660	
-329	344	15697	-3182	12	-32	-67	4660	
-294	327	15703	-3177	15	-44	-66	4660	
-305	314	15729	-3183	16	-41	-63	4660	
-287	322	15704	-3194	17	-39	-72	4660	
-320	331	15674	-3183	16	-36	-68	4660	
-301	335	15722	-3183	12	-40	-66	4660	
-324	317	15692	-3183	12	-45	-66	4660	
-321	327	15725	-3187	9	-37	-65	4660	
-314	306	15710	-3179	10	-40	-70	4660	
-301	345	15686	-3189	8	-39	-65	4660	
-308	328	15732	-3176	10	-32	-70	4660	
-338	355	15693	-3177	10	-35	-60	4660	
-288	315	15699	-3178	18	-37	-65	4660	
-306	331	15694	-3183	13	-37	-70	4660	
-277	306	15697	-3173	11	-31	-68	4660	
-298	340	15675	-3173	11	-30	-71	4660	
-286	324	15713	-3175	13	-38	-71	4660	
-302	323	15678	-3186	12	-36	-68	4660	
-301	337	15677	-3181	8	-31	-63	4660	
-316	304	15678	-3182	11	-35	-72	4660	
-324	314	15667	-3192	12	-38	-73	4660	
-318	323	15658	-3177	14	-36	-63	4660	
-312	328	15660	-3185	17	-48	-71	4660	
-314	341	15743	-3185	9	-35	-77	4660	
-325	329	15703	-3186	13	-37	-63	4660	
-296	319	15740	-3177	12	-38	-71	4660	
-282	318	15732	-3182	12	-33	-68	4660	
-294	325	15678	-3178	19	-37	-69	4660	
-292	328	15658	-3185	14	-35	-67	4660	
-310	340	15665	-3180	10	-37	-62	4660	
-308	312	15698	-3178	13	-34	-68	4660	
-305	330	15693	-3177	9	-43	-68	4660	
-291	346	15688	-3178	15	-32	-71	4660	
-323	318	15707	-3181	8	-37	-67	4660	
-298	334	15673	-3182	10	-33	-70	4660	
-287	325	15672	-3183	8	-35	-68	4660	
-329	318	15730	-3185	6	-37	-75	4660	
-298	312	15716	-3179	14	-37	-67	4660	
-304	330	15699	-3174	12	-35	-71	4660	
-290	345	15695	-3186	11	-42	-69	4660	
-304	318	15689	-3184	15	-40	-71	4660	
-321	322	15686	-3184	13	-35	-67	4660	
-317	317	15721	-3185	17	-43	-63	4660	
